service_id,monday,tuesday,wednesday,thursday,friday,saturday,sunday,start_date,end_date
4503857325513847,1,1,1,1,1,1,1,20230414,20230505
4503857325513851,1,1,1,1,1,0,0,20230414,20230505
4503857325513859,0,0,1,1,1,1,0,20230415,20230422
4503857325513866,1,1,1,1,1,0,0,20230414,20230430
4503857325513867,1,1,0,1,1,0,0,20230417,20230421
4503857325513868,1,1,1,0,1,0,1,20230414,20230505
4503857325513872,1,1,0,1,1,1,0,20230414,20230505
4503857325513876,1,1,0,1,1,1,0,20230415,20230422
4503857325513878,0,0,1,0,1,1,0,20230415,20230505
4503857325513881,0,0,0,1,1,0,0,20230414,20230420
4503857325513885,1,1,1,0,1,0,0,20230417,20230505
4503857325513890,0,0,1,1,1,0,0,20230414,20230430
4503857325513892,1,1,0,1,1,0,0,20230414,20230429
4503857325513899,1,1,1,0,0,0,0,20230417,20230430
4503857325513901,1,1,0,0,1,1,0,20230414,20230430
4503857325513908,1,1,0,0,1,0,0,20230414,20230421
4503857325513915,1,1,0,0,0,0,1,20230416,20230504
4503857325513928,1,1,0,0,0,0,0,20230417,20230505
4503857325513929,1,1,0,1,1,1,1,20230414,20230423
4503857325513936,1,1,0,1,0,0,0,20230417,20230505
4503857325513942,0,0,1,0,1,1,0,20230414,20230505
4503857325513954,1,1,0,1,0,0,0,20230417,20230420
4503857325513962,0,0,0,1,0,0,1,20230416,20230505
4503857325513968,0,0,1,0,1,1,0,20230414,20230422
4503857325513969,0,0,0,0,0,0,1,20230416,20230505
4503857325513971,0,0,0,1,1,1,1,20230414,20230505
4503857325513972,0,0,0,0,1,1,0,20230414,20230422
4503857325513977,1,1,1,0,1,0,0,20230414,20230504
4503857325513978,0,0,0,1,1,1,0,20230414,20230505
4503857325513991,1,1,0,1,1,0,0,20230414,20230504
4503857325513994,1,1,1,1,1,1,0,20230414,20230505
4503857325513997,1,1,0,1,0,1,1,20230415,20230505
4503857325513999,1,1,0,1,1,0,0,20230414,20230504
4503857325514002,1,1,1,1,0,0,1,20230416,20230505
4503857325514003,0,0,1,0,1,0,0,20230414,20230504
4503857325514005,1,1,1,1,1,1,0,20230414,20230505
4503857325514006,1,1,1,0,1,1,0,20230414,20230504
4503857325514008,0,0,0,0,1,1,0,20230414,20230505
4503857325514009,1,1,1,1,0,1,1,20230415,20230505
4503857325514011,1,1,1,0,1,0,0,20230414,20230505
4503857325514013,0,0,1,0,1,0,0,20230414,20230505
4503857325514015,0,0,1,1,1,0,0,20230414,20230504
4503857325514016,1,1,1,1,1,0,0,20230414,20230505
4503857325514020,0,0,1,1,1,1,0,20230414,20230505
4503857325514024,1,1,1,1,1,0,1,20230414,20230505
4503857325514028,1,1,0,1,1,0,0,20230414,20230505
4503857325514030,1,1,1,1,1,1,0,20230414,20230505
4503857325514043,1,1,1,0,1,1,0,20230414,20230505
4503857325514048,1,1,1,0,1,0,0,20230414,20230504
4503857325514049,1,1,1,1,0,0,0,20230417,20230505
4503857325514050,0,0,0,0,1,0,0,20230414,20230505
4503857325514054,0,0,1,1,0,1,0,20230415,20230505
4503857325514056,0,0,1,1,1,1,1,20230414,20230505
4503857325514061,1,1,1,0,1,0,1,20230416,20230505
4503857325514065,0,0,1,0,0,1,1,20230415,20230504
4503857325514075,0,0,0,0,1,0,0,20230414,20230504
4503857325514123,1,1,0,0,1,0,0,20230414,20230505
4503857325514126,1,1,0,1,1,0,0,20230417,20230505
4503857325514129,1,1,0,0,1,0,0,20230417,20230430
4503857325514131,1,1,1,1,1,0,1,20230414,20230505
4503857325514133,1,1,1,1,1,0,0,20230420,20230505
4503857325514157,1,1,0,0,1,1,0,20230414,20230429
4503857325514160,0,0,1,1,1,0,0,20230419,20230430
4503857325514168,0,0,1,1,1,1,1,20230414,20230423
4503857325514176,0,0,1,0,1,0,0,20230414,20230505
4503857325514179,0,0,0,1,0,0,0,20230420,20230505
4503857325514184,1,1,0,0,0,0,1,20230416,20230505
4503857325514187,0,0,0,1,0,1,0,20230415,20230505
4503857325514198,0,0,1,0,1,1,0,20230414,20230505
4503857325514218,1,1,0,0,1,0,0,20230414,20230505
4503857325514233,1,1,0,1,1,1,0,20230414,20230429
4503857325514235,0,0,0,0,1,0,1,20230414,20230429
4503857325514243,1,1,1,0,1,0,0,20230414,20230429
4503857325514257,1,1,1,1,0,1,1,20230415,20230423
4503857325514262,1,1,1,1,1,1,0,20230414,20230422
4503857325514263,0,0,1,0,1,1,1,20230414,20230429
4503857325514264,1,1,1,1,1,1,0,20230415,20230429
4503857325514265,1,1,0,1,1,1,0,20230414,20230430
4503857325514269,1,1,0,1,1,1,1,20230415,20230430
4503857325514273,0,0,1,1,1,1,0,20230414,20230430
4503857325514279,0,0,1,0,1,1,0,20230414,20230505
4503857325514281,1,1,1,1,1,1,0,20230414,20230429
4503857325514282,1,1,0,1,1,1,0,20230414,20230505
4503857325514284,1,1,1,1,1,0,0,20230414,20230505
4503857325514287,1,1,1,1,1,1,0,20230414,20230505
4503857325514292,1,1,1,1,1,0,0,20230414,20230430
4503857325514294,1,1,1,0,1,0,0,20230414,20230505
4503857325514295,0,0,1,0,1,0,0,20230414,20230430
4503857325514298,1,1,1,1,1,1,1,20230415,20230505
4503857325514301,1,1,1,1,1,0,0,20230417,20230505
4503857325514304,1,1,1,1,1,0,1,20230414,20230430
4503857325514308,1,1,1,1,1,1,0,20230414,20230505
4503857325514309,1,1,1,1,1,1,0,20230414,20230429
4503857325514311,1,1,0,1,1,0,1,20230414,20230429
4503857325514312,1,1,1,1,1,0,0,20230414,20230505
4503857325514313,1,1,0,1,1,0,0,20230414,20230505
4503857325514315,1,1,0,1,1,1,1,20230414,20230505
4503857325514318,0,0,1,1,1,1,0,20230414,20230505
4503857325514320,1,1,1,0,1,0,0,20230414,20230419
4503857325514323,1,1,1,0,0,0,0,20230417,20230505
4503857325514325,1,1,0,1,1,1,0,20230415,20230504
4503857325514335,1,1,0,1,1,1,0,20230415,20230505
4503857325514380,1,1,1,1,1,0,0,20230414,20230420
4503857325514381,1,1,1,1,1,0,0,20230414,20230429
4503857325514395,1,1,1,0,0,0,0,20230417,20230419
4503857325514397,1,1,1,0,1,0,0,20230414,20230421
4503857325514398,1,1,0,1,1,0,0,20230414,20230505
4503857325514399,1,1,0,1,1,1,1,20230414,20230505
4503857325514403,0,0,0,1,1,0,0,20230414,20230505
4503857325514407,0,0,1,1,0,1,0,20230415,20230430
4503857325514408,0,0,0,0,1,1,0,20230414,20230505
4503857325514412,0,0,1,1,0,0,0,20230419,20230420
4503857325514421,1,1,1,1,0,0,0,20230417,20230420
4503857325514434,1,1,1,0,0,0,0,20230419,20230504
4503857325514459,0,0,1,0,0,0,0,20230419,20230505
4503857325514471,1,1,1,1,0,0,0,20230419,20230504
4503857325514488,1,1,0,1,1,1,0,20230414,20230505
4503857325514491,1,1,1,1,0,0,0,20230417,20230504
4503857325514497,1,1,1,1,0,0,1,20230416,20230504
4503857325514509,1,1,1,1,1,0,0,20230414,20230421
4503857325514517,1,1,1,1,1,1,1,20230414,20230504
4503857325514662,0,0,0,0,1,1,1,20230414,20230504
4503857325514700,0,0,0,0,0,1,1,20230415,20230505
4503857325514701,1,1,1,0,1,1,1,20230414,20230504
4503857325514702,0,0,0,0,0,1,1,20230415,20230504
4503857325514703,1,1,1,1,0,1,1,20230415,20230505
4503857325514837,1,1,1,1,0,0,0,20230417,20230429
4503857325514840,0,1,1,0,0,1,0,20230415,20230422
4503857325514911,0,0,0,0,1,1,1,20230414,20230504
4503857325514914,1,1,1,1,0,1,1,20230415,20230504
4503857325514916,1,1,1,0,0,1,1,20230415,20230505
4503857325514928,1,1,1,1,1,0,1,20230414,20230504
4503857325514946,0,1,1,1,1,0,1,20230414,20230504
4503857325515042,0,0,0,0,0,1,0,20230415,20230505
4503857325515061,1,1,1,1,0,0,0,20230419,20230504
4503857325515073,1,0,0,1,1,0,0,20230414,20230504
4503857325515085,1,1,1,0,1,0,0,20230414,20230504
4503857325515101,0,1,0,1,0,1,1,20230415,20230505
4503857325515123,1,0,0,0,0,1,1,20230415,20230430
4503857325515124,0,0,0,1,0,0,1,20230416,20230505
4503857325515125,1,1,1,0,0,1,1,20230415,20230504
4503857325515126,1,1,1,1,1,0,1,20230414,20230430
4503857325515127,0,1,1,1,0,0,1,20230416,20230430
4503857325515128,1,1,1,0,0,1,1,20230415,20230430
4503857325515177,1,1,0,0,0,0,0,20230418,20230504
4503857325515182,1,0,0,1,0,0,0,20230417,20230420
4503857325515186,0,0,1,1,1,0,0,20230414,20230505
4503857325515219,0,0,0,0,0,1,1,20230415,20230430
4503857325515222,0,1,1,0,0,1,1,20230415,20230504
4503857325515223,1,0,0,1,1,0,1,20230414,20230504
4503857325515224,1,0,0,0,1,1,1,20230414,20230504
4503857325515225,0,0,0,1,0,0,1,20230416,20230504
4503857325515460,1,1,0,0,1,0,0,20230414,20230505
4503857325515493,0,0,0,0,1,0,0,20230414,20230504
4503857325515505,1,0,1,1,0,0,0,20230417,20230505
4503857325515514,1,0,0,1,0,0,1,20230416,20230505
4503857325515534,0,1,1,1,1,0,0,20230414,20230505
4503857325515726,1,0,1,1,1,0,0,20230414,20230421
4503857325515728,0,1,1,1,0,1,0,20230415,20230505
4503857325515891,1,1,1,1,1,1,0,20230414,20230504
4503857325515892,1,1,0,1,1,0,0,20230414,20230505
4503857325515896,0,0,1,0,1,1,0,20230414,20230505
4503857325515898,1,1,0,1,0,0,1,20230416,20230504
4503857325515900,1,1,0,1,1,0,1,20230414,20230504
4503857325515972,1,1,1,1,1,0,0,20230414,20230505
4503857325515977,1,1,0,1,0,0,1,20230416,20230423
4503857325515979,0,0,1,1,1,0,0,20230414,20230430
4503857325515980,1,1,1,1,0,0,0,20230419,20230505
4503857325515984,1,1,1,1,1,0,0,20230414,20230504
4503857325516014,1,1,0,1,1,1,0,20230414,20230504
4503857325516019,0,0,1,0,0,1,0,20230415,20230505
4503857325516020,0,0,0,1,1,0,0,20230414,20230430
4503857325516023,1,1,0,0,1,1,1,20230414,20230504
4503857325516032,0,0,0,1,1,0,1,20230414,20230504
4503857325516043,0,0,0,0,1,0,1,20230414,20230505
4503857325516049,0,0,0,1,1,1,0,20230414,20230504
4503857325516051,1,1,1,0,1,0,1,20230414,20230505
4503857325516060,0,0,1,1,1,0,0,20230414,20230505
4503857325516061,1,1,1,1,1,0,0,20230414,20230505
4503857325516063,1,1,0,1,1,0,0,20230414,20230430
4503857325516064,0,0,0,0,1,0,0,20230414,20230505
4503857325516066,1,1,1,1,1,1,1,20230415,20230430
4503857325516071,1,1,1,1,1,1,0,20230415,20230505
4503857325516074,0,0,0,0,1,1,0,20230414,20230505
4503857325516079,1,1,0,0,0,1,0,20230415,20230422
4503857325516146,0,0,1,1,1,0,0,20230414,20230421
4503857325516172,1,1,1,0,1,0,0,20230414,20230430
4503857325516199,1,1,0,1,1,1,0,20230414,20230505
4503857325516394,0,0,0,0,1,0,0,20230414,20230421
4503857325516397,1,1,0,0,1,0,1,20230414,20230429
4503857325520384,0,0,0,1,1,1,0,20230414,20230505
4503857325528678,1,1,1,0,1,0,0,20230414,20230430
4503857325528681,0,0,1,1,0,0,0,20230419,20230430
4503857325528683,1,1,0,1,0,1,0,20230415,20230505
4503857325528698,1,1,0,0,1,0,0,20230414,20230430
4503857325528706,0,0,1,0,1,1,0,20230414,20230430
4503857325528709,1,1,0,0,1,0,0,20230414,20230430
4503857325528721,1,1,0,1,1,0,0,20230414,20230505
4503857325528723,1,1,1,1,1,1,0,20230414,20230430
4503857325528725,1,1,0,1,1,1,1,20230415,20230430
4503857325528726,1,1,1,1,1,0,0,20230414,20230430
4503857325528748,0,1,0,1,1,1,0,20230414,20230505
4503857325528808,1,1,1,0,1,1,0,20230414,20230422
4503857325528831,0,0,1,0,0,1,0,20230415,20230505
4503857325528834,0,0,1,0,0,0,0,20230419,20230429
4503857325528847,0,0,0,0,1,0,1,20230414,20230423
4503857325528872,0,0,1,1,0,0,0,20230419,20230429
4503857325528883,0,0,0,1,1,0,0,20230414,20230429
4503857325528908,1,1,0,0,0,1,0,20230415,20230505
4503857325528923,0,0,1,0,1,0,1,20230414,20230504
4503857325528944,0,0,0,0,0,1,1,20230415,20230504
4503857325528954,0,0,1,1,1,1,0,20230414,20230505
4503857325529061,1,0,1,0,1,0,0,20230414,20230430
4503857325529115,0,1,0,0,0,0,1,20230416,20230430
4503857325529153,1,0,0,0,0,1,0,20230415,20230422
4503857325529180,1,0,0,1,1,0,1,20230414,20230505
4503857325529302,0,0,0,0,0,0,1,20230416,20230423
4503857325529306,0,0,0,1,0,0,0,20230420,20230420
4503857325529309,0,0,0,0,0,0,1,20230416,20230505
4503857325529311,0,0,0,1,0,0,1,20230416,20230423
4503857325529318,0,0,1,1,1,0,1,20230414,20230504
4503857325529319,0,0,1,1,1,0,0,20230414,20230505
4503857325529382,1,1,0,1,1,0,1,20230416,20230429
4503857325529384,1,1,0,1,1,0,0,20230414,20230505
4503857325535572,0,0,0,0,1,1,0,20230414,20230505
4503857325535660,1,1,0,0,0,1,1,20230415,20230423
4503857325535718,0,0,1,0,1,0,0,20230414,20230505
4503857325538082,1,1,0,0,1,0,0,20230414,20230504
4503857325538090,0,0,1,1,1,0,0,20230414,20230505
4503857325538317,0,0,1,0,1,0,0,20230414,20230504
4503857325538318,0,0,0,0,1,0,0,20230414,20230504
4503857325538322,1,1,0,1,0,0,0,20230417,20230504
4503857325538396,1,1,0,1,1,0,1,20230414,20230423
4503857325538409,0,0,0,1,1,0,1,20230414,20230429
4503857325538411,0,0,0,1,1,0,0,20230414,20230421
4503857325539559,1,1,1,1,0,0,1,20230416,20230505
4503857325539560,0,0,1,1,1,0,1,20230416,20230505
4503857325539654,0,0,1,1,1,0,1,20230414,20230505
4503857325539912,1,1,0,1,1,0,0,20230414,20230505
4503857325539919,0,0,0,1,1,0,1,20230414,20230505
4503857325550729,1,1,0,1,1,1,0,20230414,20230505
4503857325550730,1,1,1,1,1,0,0,20230420,20230505
4503857325550731,0,0,1,1,1,1,0,20230414,20230505
4503857325555477,0,0,1,1,0,0,0,20230419,20230505
4503857325555480,1,1,1,1,0,0,0,20230417,20230505
4503857325555648,1,1,0,0,1,1,0,20230414,20230504
4503857325555665,0,0,1,0,1,0,0,20230414,20230421
4503857325555672,0,0,0,0,1,1,0,20230414,20230504
4503857325564436,1,0,0,0,1,1,0,20230414,20230504
4503857325572499,0,0,0,0,1,0,1,20230414,20230505
4503857325572501,0,0,0,0,1,0,0,20230414,20230429
4503857325586626,0,0,0,1,1,0,0,20230414,20230505
4503857325586757,1,1,0,1,1,0,1,20230414,20230505
4503857325588629,1,1,0,0,0,0,1,20230416,20230505
4503857325588910,1,1,0,1,1,1,0,20230414,20230505
4503857325596143,0,0,0,0,0,1,0,20230415,20230430
4503857325596145,0,0,0,0,1,0,0,20230421,20230429
4503857325596168,1,1,1,1,1,0,1,20230414,20230505
4503857325596218,1,1,0,1,0,0,0,20230418,20230505
4503857325596240,0,1,0,0,1,1,1,20230414,20230504
4503857325596244,1,0,1,0,0,0,1,20230416,20230504
4503857325596250,0,1,0,0,0,0,1,20230416,20230504
4503857325596290,1,1,1,1,0,0,0,20230418,20230504
4503857325596294,0,0,0,0,1,1,1,20230414,20230504
4503857325596295,0,0,1,0,0,1,1,20230415,20230430
4503857325596303,0,0,1,0,1,0,1,20230414,20230430
4503857325596311,0,0,0,1,0,0,0,20230420,20230429
4503857325596313,0,1,1,0,0,0,0,20230418,20230419
4503857325596314,1,0,1,0,1,0,0,20230414,20230505
4503857325596316,1,0,0,0,0,0,0,20230417,20230430
4503857325596317,0,0,0,1,0,0,0,20230420,20230430
4503857325596319,0,0,0,1,1,1,0,20230414,20230505
4503857325596348,1,1,0,1,0,0,1,20230416,20230504
4503857325596364,0,0,1,0,0,0,1,20230416,20230430
4503857325596365,1,0,0,1,0,1,1,20230415,20230430
4503857325596368,0,1,0,1,0,0,1,20230416,20230430
4503857325596369,1,0,1,1,1,0,1,20230414,20230430
4503857325596370,1,0,1,0,0,1,0,20230415,20230504
4503857325596423,0,0,0,0,1,0,1,20230414,20230505
4503857325596425,0,0,1,0,1,0,0,20230414,20230429
4503857325596540,1,1,0,0,1,1,1,20230414,20230429
4503857325596581,0,0,0,0,1,1,0,20230415,20230429
4503857325596607,1,1,0,1,0,0,1,20230416,20230505
4503857325599869,1,1,0,1,1,1,0,20230414,20230430
4503857325600930,1,1,0,0,1,1,0,20230414,20230504
4503857325600999,0,0,1,1,1,1,0,20230414,20230422
4503857325601001,1,1,1,0,0,1,0,20230415,20230505
4503857325603719,1,1,0,1,0,1,0,20230415,20230504
4503857325603724,1,1,1,0,1,0,1,20230414,20230430
4503857325603833,0,1,0,0,0,1,0,20230415,20230505
4503857325603838,0,1,1,0,1,1,1,20230414,20230504
4503857325603906,1,1,0,1,0,1,0,20230415,20230505
4503857325603919,1,0,0,0,0,0,0,20230417,20230505
4503857325603956,0,0,0,1,1,0,0,20230414,20230505
4503857325603962,0,1,0,0,0,1,0,20230415,20230505
4503857325604085,1,1,0,0,1,0,0,20230414,20230505
4503857325604102,1,1,1,0,1,0,0,20230414,20230505
4503857325604167,1,1,1,1,1,1,0,20230414,20230504
4503857325609106,1,1,1,1,0,1,1,20230415,20230504
4503857325609107,1,1,0,1,0,1,1,20230415,20230505
4503857325609171,0,1,1,0,1,0,0,20230414,20230505
4503857325609270,1,0,0,1,0,0,1,20230416,20230504
4503857325609319,1,1,0,0,1,0,1,20230414,20230505
4503857325609357,1,1,0,0,0,1,0,20230415,20230429
4503857325609367,1,1,1,1,0,1,0,20230415,20230422
4503857325609368,1,1,1,1,1,0,1,20230414,20230423
4503857325609671,0,0,1,1,1,0,1,20230416,20230504
4503857325609788,0,1,1,0,1,1,0,20230414,20230422
4503857325609800,1,1,1,1,0,0,0,20230417,20230505
4503857325609805,0,0,1,0,0,0,0,20230419,20230419
4503857325609825,0,0,1,0,1,0,1,20230414,20230429
4503857325609918,1,1,1,1,1,0,0,20230414,20230429
4503857325610000,0,1,1,1,1,0,1,20230414,20230430
4503857325610646,0,0,1,0,0,1,0,20230415,20230422
4503857325610666,1,1,0,0,0,0,0,20230418,20230504
4503857325610825,1,0,1,0,1,0,0,20230414,20230505
4503857325610868,0,0,1,1,1,0,0,20230414,20230420
4503857325612286,1,0,1,1,1,1,0,20230414,20230505
4503857325612844,0,0,0,0,1,1,0,20230414,20230430
4503857325612868,1,1,0,1,0,0,1,20230416,20230430
4503857325612872,0,0,1,0,1,1,1,20230415,20230505
4503857325612873,0,0,1,0,1,1,0,20230414,20230505
4503857325612875,1,1,0,1,1,1,0,20230415,20230505
4503857325612886,1,1,1,0,0,1,1,20230415,20230504
4503857325612893,1,1,0,0,1,0,0,20230414,20230505
4503857325612901,1,1,0,0,0,0,0,20230417,20230418
4503857325612905,0,0,0,1,1,0,0,20230414,20230504
4503857325612906,1,1,1,1,1,0,1,20230414,20230505
4503857325612908,1,1,1,1,0,1,0,20230415,20230505
4503857325612909,1,1,1,1,0,1,0,20230415,20230505
4503857325612926,1,1,0,0,1,0,1,20230414,20230423
4503857325612951,1,1,1,1,0,0,0,20230420,20230504
4503857325612959,1,0,1,0,1,0,0,20230414,20230505
4503857325612970,0,1,0,1,0,0,1,20230416,20230504
4503857325612985,1,1,1,0,1,1,1,20230415,20230504
4503857325613041,1,1,0,1,1,0,0,20230414,20230421
4503857325613080,0,0,0,0,0,1,0,20230415,20230422
4503857325613142,0,1,0,0,0,0,1,20230416,20230505
4503857325613156,0,1,1,0,0,1,0,20230415,20230505
4503857325613161,1,1,0,1,0,0,0,20230418,20230504
4503857325613187,0,0,1,0,0,1,0,20230415,20230505
4503857325613195,0,1,0,1,0,0,0,20230418,20230505
4503857325613218,0,1,1,1,0,0,1,20230416,20230504
4503857325613221,0,1,0,0,0,0,0,20230418,20230418
4503857325613238,1,1,1,0,1,0,1,20230414,20230505
4503857325613301,1,1,1,1,1,1,0,20230414,20230504
4503857325613304,1,1,0,0,1,0,0,20230414,20230418
4503857325613317,1,1,0,0,1,0,1,20230414,20230423
4503857325613409,0,0,1,1,1,0,0,20230419,20230421
4503857325613437,0,0,1,0,1,0,1,20230414,20230505
4503857325613447,0,0,0,1,1,0,0,20230420,20230421
4503857325613451,0,0,0,0,1,1,0,20230414,20230422
4503857325613455,0,0,0,0,1,0,0,20230421,20230430
4503857325613505,0,0,0,1,1,1,0,20230414,20230422
4503857325613520,1,1,1,1,1,0,0,20230417,20230504
4503857325613527,1,1,0,0,0,1,0,20230415,20230504
4503857325616553,0,1,1,1,1,0,0,20230414,20230429
4503857325616577,1,1,1,0,0,0,1,20230416,20230423
4503857325616581,1,0,0,1,1,0,0,20230414,20230421
4503857325616598,1,0,0,0,1,0,0,20230414,20230421
4503857325616607,1,0,1,1,1,0,0,20230414,20230504
4503857325616621,0,1,0,0,0,0,1,20230416,20230505
4503857325616647,1,1,0,1,1,0,0,20230414,20230504
4503857325616766,1,1,0,0,1,1,0,20230414,20230505
4503857325617082,1,1,0,1,0,1,0,20230415,20230504
4503857325617094,0,0,0,0,0,1,1,20230415,20230423
4503857325617156,1,1,1,0,1,0,0,20230414,20230430
4503857325617216,0,0,0,1,0,1,0,20230415,20230504
4503857325617231,0,0,0,0,1,0,1,20230414,20230504
4503857325617241,0,0,0,1,1,0,0,20230414,20230429
4503857325617286,1,0,0,1,0,1,1,20230415,20230430
4503857325617319,1,1,0,0,0,0,1,20230416,20230505
4503857325617329,1,1,0,0,0,1,0,20230415,20230505
4503857325617346,1,1,0,0,1,1,1,20230414,20230505
4503857325617360,0,1,0,1,0,0,0,20230418,20230430
4503857325617362,1,0,0,0,1,0,1,20230414,20230504
4503857325617363,1,1,1,0,1,0,0,20230414,20230430
4503857325617364,1,1,1,0,0,0,0,20230417,20230505
4503857325620973,0,1,0,0,1,0,0,20230414,20230421
4503857325620977,0,1,0,1,0,1,0,20230415,20230429
4503857325621010,1,1,0,0,1,0,0,20230414,20230504
4503857325621012,0,0,0,1,1,1,0,20230414,20230504
4503857325621065,0,1,0,0,0,1,0,20230415,20230504
4503857325621365,0,0,0,0,1,0,0,20230414,20230505
4503857325625425,0,0,1,1,0,1,0,20230415,20230504
4503857325625430,1,1,1,1,1,0,0,20230417,20230430
4503857325625431,0,0,1,1,1,1,1,20230414,20230504
4503857325625432,0,0,0,1,1,0,0,20230414,20230430
4503857325625433,0,0,1,0,1,1,0,20230415,20230505
4503857325625454,0,1,0,0,1,1,0,20230414,20230504
4503857325625458,1,0,1,0,0,1,0,20230415,20230422
4503857325625520,0,1,1,0,0,0,0,20230418,20230429
4503857325625567,1,1,0,0,1,0,0,20230414,20230429
4503857325625578,1,0,0,0,1,1,1,20230414,20230430
4503857325625594,0,1,0,0,0,0,0,20230418,20230429
4503857325625655,0,0,1,1,1,0,0,20230414,20230429
4503857325625669,0,0,1,1,0,0,1,20230416,20230504
4503857325625681,1,1,1,0,0,1,0,20230415,20230504
4503857325625696,1,1,0,0,1,1,1,20230414,20230423
4503857325626015,0,0,0,1,1,0,0,20230414,20230505
4503857325626019,0,0,0,0,1,1,0,20230414,20230505
4503857325626040,1,1,0,0,1,0,1,20230414,20230504
4503857325626045,0,0,0,1,1,1,0,20230414,20230505
4503857325626054,1,0,0,1,1,0,0,20230414,20230505
4503857325626103,1,1,0,0,0,0,1,20230416,20230504
4503857325626108,1,1,1,1,0,1,0,20230415,20230429
4503857325626545,0,0,0,1,0,1,1,20230415,20230505
4503857325626546,1,1,1,1,0,0,0,20230417,20230505
4503857325626548,1,1,1,1,0,0,0,20230417,20230505
4503857325626549,0,0,1,1,1,0,0,20230414,20230504
4503857325626553,0,0,1,0,1,1,0,20230415,20230422
4503857325626645,1,1,1,0,0,0,0,20230419,20230505
4503857325626672,1,1,0,1,1,0,1,20230414,20230430
4503857325634121,1,0,1,1,1,0,1,20230414,20230505
4503857325634169,1,0,0,0,1,0,0,20230414,20230505
4503857325635962,1,1,0,0,1,1,1,20230414,20230429
4503857325640891,1,0,0,1,0,0,0,20230417,20230504
4503857325640894,0,0,0,1,1,0,0,20230414,20230504
4503857325640896,1,0,0,1,0,0,0,20230417,20230504
4503857325640946,1,1,0,0,1,0,1,20230414,20230504
4503857325640971,1,1,0,1,0,1,0,20230415,20230505
4503857325640975,1,0,0,1,0,1,0,20230415,20230505
4503857325640977,1,0,1,1,1,1,1,20230414,20230505
4503857325640981,1,0,1,1,0,1,0,20230415,20230505
4503857325640997,1,0,0,1,1,0,0,20230414,20230505
4503857325641019,1,0,1,0,1,1,1,20230414,20230505
4503857325641022,1,0,0,1,0,0,0,20230417,20230505
4503857325641034,0,1,1,0,1,0,0,20230414,20230421
4503857325641038,0,0,0,0,1,0,0,20230421,20230421
4503857325641047,0,0,0,1,0,1,0,20230415,20230422
4503857325641053,0,1,1,0,1,0,0,20230414,20230505
4503857325642840,1,0,0,0,1,1,0,20230414,20230504
4503857325642841,1,0,1,0,0,0,1,20230416,20230504
4503857325642868,0,0,0,1,0,0,1,20230416,20230430
4503857325642878,0,1,1,0,1,1,0,20230415,20230422
4503857325642880,0,1,1,0,1,0,0,20230414,20230419
4503857325642894,1,0,0,0,1,1,0,20230414,20230505
4503857325642899,0,1,0,1,0,0,0,20230418,20230429
4503857325642939,1,1,1,1,1,0,0,20230414,20230505
4503857325643002,0,1,1,0,1,0,0,20230414,20230504
4503857325643014,1,0,0,1,0,1,0,20230415,20230505
4503857325643024,1,0,1,0,0,0,0,20230417,20230419
4503857325643025,0,1,1,1,0,0,0,20230418,20230505
4503857325643029,0,0,0,0,1,0,1,20230416,20230505
4503857325643031,1,0,0,0,0,0,0,20230417,20230417
4503857325643034,1,0,0,0,1,0,0,20230414,20230504
4503857325643258,1,1,0,0,0,0,0,20230417,20230505
4503857325643259,1,1,0,0,1,0,1,20230414,20230504
4503857325643269,0,0,1,1,0,1,1,20230415,20230505
4503857325643326,0,0,1,1,1,1,1,20230415,20230429
4503857325643344,0,0,0,1,1,1,0,20230414,20230505
4503857325643373,0,1,0,1,1,0,1,20230414,20230429
4503857325643381,1,0,0,0,0,0,0,20230417,20230505
4503857325643384,0,1,1,1,1,0,1,20230414,20230505
4503857325643396,0,1,1,0,0,1,0,20230415,20230504
4503857325643398,0,0,0,0,0,1,0,20230415,20230504
4503857325643403,1,1,0,0,1,0,1,20230414,20230505
4503857325643406,0,1,0,0,0,0,1,20230416,20230423
4503857325643408,1,0,1,0,1,0,0,20230414,20230419
4503857325643416,0,0,0,1,1,0,1,20230414,20230430
4503857325643425,0,1,0,1,1,0,0,20230414,20230505
4503857325643438,0,1,0,0,1,0,1,20230414,20230505
4503857325643453,0,1,1,1,0,1,0,20230415,20230430
4503857325643455,1,1,1,1,1,1,0,20230414,20230504
4503857325643475,0,0,1,1,1,1,0,20230414,20230505
4503857325643485,0,0,1,0,0,0,0,20230419,20230505
4503857325643489,1,1,1,0,0,0,0,20230418,20230504
4503857325643555,0,0,0,0,1,1,0,20230415,20230422
4503857325643774,0,0,1,1,1,0,0,20230414,20230505
4503857325643776,1,1,1,0,0,1,1,20230415,20230505
4503857325643779,1,1,1,1,0,0,0,20230418,20230505
4503857325643785,1,1,1,1,0,0,0,20230419,20230504
4503857325643790,1,0,0,0,0,0,0,20230417,20230504
4503857325643795,0,1,1,1,1,1,1,20230414,20230504
4503857325643798,1,0,1,0,0,0,0,20230417,20230505
4503857325643803,0,1,0,1,1,1,0,20230414,20230429
4503857325643807,0,0,0,1,1,0,1,20230414,20230423
4503857325643808,1,1,0,1,0,0,0,20230417,20230505
4503857325643825,1,0,0,1,1,1,0,20230414,20230422
4503857325643826,0,1,0,0,0,1,0,20230415,20230504
4503857325643836,0,1,1,0,1,0,0,20230414,20230505
4503857325643840,0,1,0,0,1,0,0,20230414,20230505
4503857325643841,0,1,1,1,1,1,0,20230414,20230422
4503857325644004,1,1,0,0,0,0,0,20230417,20230429
4503857325644005,0,0,1,1,0,1,0,20230415,20230422
4503857325644007,1,1,0,0,0,0,0,20230417,20230504
4503857325644011,0,0,1,1,1,0,0,20230414,20230504
4503857325644018,1,1,1,1,1,0,1,20230414,20230504
4503857325644023,1,1,0,1,1,0,1,20230414,20230505
4503857325644026,1,1,1,1,0,1,0,20230415,20230505
4503857325644027,0,0,0,1,1,1,0,20230414,20230505
4503857325644031,1,1,1,1,1,0,1,20230414,20230423
4503857325644044,1,1,1,1,1,1,0,20230414,20230505
4503857325644045,1,1,0,1,1,0,0,20230414,20230420
4503857325644047,1,1,1,1,1,0,1,20230416,20230505
4503857325644049,1,1,1,1,1,1,1,20230415,20230429
4503857325644052,0,0,1,1,1,1,0,20230414,20230504
4503857325644053,1,1,0,1,1,1,0,20230414,20230422
4503857325644054,0,0,1,0,1,0,0,20230414,20230505
4503857325644071,0,1,0,1,1,0,1,20230414,20230430
4503857325644073,1,1,1,1,0,0,0,20230417,20230430
4503857325644075,1,0,0,1,1,0,1,20230414,20230505
4503857325644079,1,0,1,0,1,1,0,20230414,20230504
4503857325644080,0,1,0,0,1,1,0,20230414,20230504
4503857325644091,1,0,1,0,0,0,0,20230417,20230504
4503857325644098,1,0,0,0,0,0,1,20230416,20230423
4503857325644106,1,1,1,1,1,0,0,20230414,20230504
4503857325644109,1,1,1,0,0,0,0,20230417,20230504
4503857325644146,1,0,1,0,0,1,0,20230415,20230429
4503857325644147,0,1,1,1,0,1,0,20230415,20230422
4503857325644150,0,1,0,1,1,0,0,20230414,20230421
4503857325644153,1,0,1,0,1,1,0,20230414,20230422
4503857325644157,0,0,1,1,0,1,1,20230415,20230430
4503857325644177,1,1,1,0,0,1,0,20230415,20230422
4503857325644180,0,1,1,0,0,0,1,20230416,20230505
4503857325644181,0,0,0,1,0,1,1,20230415,20230505
4503857325644182,1,0,1,1,0,0,0,20230417,20230420
4503857325644235,1,0,0,1,1,0,0,20230414,20230504
4503857325644245,1,1,1,0,1,1,0,20230414,20230505
4503857325644261,1,1,0,1,0,0,0,20230417,20230504
4503857325644262,0,0,1,1,1,0,0,20230414,20230504
4503857325644263,1,1,0,1,0,1,0,20230415,20230505
4503857325644264,1,1,1,1,0,0,1,20230416,20230423
4503857325644266,0,0,1,1,1,1,0,20230414,20230505
4503857325644276,0,0,1,0,1,0,0,20230414,20230505
4503857325644307,0,0,0,1,1,1,0,20230415,20230505
4503857325644308,1,1,0,0,1,0,1,20230416,20230429
4503857325644310,1,1,0,1,0,0,1,20230416,20230504
4503857325644318,1,1,1,1,1,1,1,20230414,20230505
4503857325644334,1,0,1,1,0,1,0,20230415,20230422
4503857325644352,1,0,1,1,1,1,0,20230414,20230505
4503857325644397,1,1,0,1,0,1,0,20230415,20230430
4503857325644443,1,1,0,1,0,0,1,20230416,20230504
4503857325644445,0,0,1,1,1,0,1,20230416,20230429
4503857325644503,1,1,1,0,0,1,0,20230415,20230504
4503857325644504,1,1,0,1,0,1,1,20230415,20230423
4503857325644543,1,0,0,0,1,0,0,20230414,20230504
4503857325644566,0,0,0,0,1,1,0,20230414,20230429
4503857325644569,0,1,0,0,1,0,1,20230414,20230430
4503857325644614,0,1,0,0,1,0,0,20230414,20230429
4503857325644648,1,1,0,1,0,0,1,20230416,20230505
4503857325644649,0,0,1,0,1,1,0,20230414,20230504
4503857325644663,1,1,1,0,0,0,1,20230416,20230505
4503857325644668,0,0,1,0,0,1,0,20230415,20230504
4503857325644674,0,0,0,1,1,0,1,20230414,20230429
4503857325644676,1,1,1,1,1,0,0,20230414,20230505
4503857325644680,1,1,0,1,1,1,1,20230414,20230505
4503857325644735,1,1,1,1,1,1,0,20230414,20230505
4503857325644758,1,1,1,0,1,1,0,20230414,20230505
4503857325644895,0,0,1,1,1,0,0,20230419,20230429
4503857325644950,1,1,1,1,1,0,1,20230414,20230429
4503857325645043,0,0,1,1,0,0,1,20230416,20230504
4503857325645066,1,0,0,0,1,1,0,20230414,20230429
4503857325645068,0,1,1,0,0,0,0,20230418,20230505
4503857325645086,0,0,1,1,0,0,0,20230419,20230505
4503857325645090,1,0,0,1,1,1,0,20230414,20230504
4503857325645094,1,0,1,0,0,0,1,20230416,20230430
4503857325645106,1,0,1,0,0,0,1,20230416,20230505
4503857325652969,0,1,0,0,1,1,0,20230414,20230505
4503857325652974,0,0,1,0,0,0,0,20230419,20230505
4503857325652996,1,0,0,0,0,0,0,20230417,20230504
4503857325653002,1,1,0,0,0,0,1,20230416,20230430
4503857325653008,1,0,1,1,1,0,0,20230414,20230429
4503857325653069,0,0,0,0,1,0,1,20230414,20230505
4503857325653133,1,1,1,0,1,0,0,20230419,20230505
4503857325653135,1,1,1,1,1,0,0,20230419,20230504
4503857325653139,1,1,1,0,0,0,0,20230417,20230429
4503857325653146,1,1,0,0,0,0,0,20230417,20230430
4503857325653164,0,0,0,1,1,0,0,20230414,20230504
4503857325653165,0,0,1,1,1,0,0,20230414,20230504
4503857325653166,0,0,0,0,1,0,1,20230416,20230430
4503857325653167,1,1,0,0,1,0,1,20230414,20230429
4503857325653174,1,1,0,0,0,0,0,20230417,20230505
4503857325653177,1,1,0,1,0,0,1,20230416,20230430
4503857325653190,0,0,1,0,0,0,1,20230416,20230423
4503857325653191,1,0,0,0,0,0,1,20230416,20230504
4503857325654729,0,0,0,1,1,0,0,20230414,20230505
4503857325654826,1,1,0,1,0,1,0,20230415,20230422
4503857325654827,1,0,1,1,1,1,0,20230414,20230504
4503857325654839,0,0,0,1,1,1,1,20230414,20230423
4503857325654840,1,0,1,0,0,0,1,20230416,20230505
4503857325654847,0,1,1,1,1,0,0,20230414,20230420
4503857325654911,0,0,0,1,1,0,0,20230420,20230429
4503857325668023,1,0,1,0,1,0,0,20230414,20230429
4503857325676760,1,0,0,0,1,1,0,20230414,20230422
4503857325676846,0,1,1,1,0,0,0,20230418,20230420
4503857325678462,1,1,1,0,1,1,0,20230414,20230505
4503857325679431,1,1,1,0,0,0,0,20230417,20230505
4503857325679825,1,1,1,1,1,1,1,20230414,20230429
4503857325686940,0,0,0,0,1,1,0,20230414,20230430
4503857325686996,1,1,1,1,0,0,0,20230417,20230504
4503857325687021,1,1,0,1,1,0,1,20230414,20230505
4503857325687352,0,0,0,1,1,0,0,20230414,20230504
4503857325693525,0,1,0,0,1,0,0,20230414,20230504
4503857325693539,0,0,0,1,1,1,0,20230415,20230505
4503857325693541,0,0,0,1,1,1,0,20230415,20230422
4503857325697257,0,1,0,0,0,1,1,20230415,20230505
4503857325697269,0,1,1,0,1,1,1,20230414,20230430
4503857325704204,1,0,0,0,0,0,1,20230416,20230505
4503857325704244,0,0,0,0,1,0,0,20230414,20230505
4503857325712497,1,1,1,1,1,0,0,20230414,20230430
4503857325712523,1,1,0,1,1,0,0,20230417,20230505
4503857325712524,1,1,1,1,1,1,1,20230414,20230423
4503857325712544,1,1,0,1,0,0,1,20230416,20230505
4503857325712547,1,1,1,1,0,0,1,20230416,20230429
4503857325712559,0,0,1,1,0,0,1,20230416,20230505
4503857325712598,1,1,1,1,0,1,0,20230415,20230504
4503857325712599,1,1,1,1,0,0,0,20230420,20230504
4503857325712603,1,1,1,0,1,1,0,20230414,20230505
4503857325712608,0,0,0,0,1,1,0,20230414,20230504
4503857325712612,0,0,0,1,1,1,0,20230414,20230504
4503857325712621,1,1,0,0,1,1,0,20230414,20230505
4503857325712625,1,1,1,0,0,0,0,20230417,20230504
4503857325712633,0,0,1,1,1,0,0,20230414,20230505
4503857325712637,1,1,0,1,1,0,0,20230414,20230504
4503857325712640,1,1,1,1,0,0,1,20230416,20230505
4503857325712644,1,1,1,1,1,1,1,20230414,20230504
4503857325712648,1,1,0,0,0,0,0,20230417,20230504
4503857325712662,1,1,0,0,1,1,0,20230414,20230505
4503857325712663,0,0,0,0,1,1,0,20230414,20230504
4503857325712664,0,0,1,0,1,0,1,20230414,20230505
4503857325712665,1,1,1,0,1,0,0,20230417,20230504
4503857325712669,1,1,0,1,1,1,0,20230414,20230505
4503857325712670,1,1,0,1,1,0,0,20230417,20230504
4503857325712672,1,1,1,1,1,0,0,20230417,20230505
4503857325712676,1,1,0,1,0,1,1,20230415,20230505
4503857325712693,0,0,1,0,1,0,0,20230419,20230421
4503857325712695,0,0,0,0,0,0,1,20230416,20230429
4503857325712700,0,0,0,0,0,1,0,20230415,20230430
4503857325712762,0,0,0,1,1,1,0,20230415,20230429
4503857325712765,1,1,1,1,1,0,0,20230420,20230505
4503857325712778,1,1,1,1,1,1,0,20230414,20230505
4503857325712788,1,1,1,1,1,1,1,20230414,20230423
4503857325712792,0,0,0,1,0,1,0,20230415,20230430
4503857325712795,0,0,1,1,1,0,1,20230414,20230423
4503857325712817,1,1,1,1,0,1,1,20230415,20230505
4503857325712823,0,0,1,1,0,1,0,20230415,20230504
4503857325712833,0,0,0,1,1,1,1,20230414,20230505
4503857325712844,1,1,1,1,0,1,0,20230415,20230505
4503857325712846,1,1,0,1,1,0,1,20230414,20230504
4503857325712849,0,0,0,0,0,1,1,20230415,20230505
4503857325712853,1,1,0,0,1,1,0,20230414,20230505
4503857325712860,0,0,0,0,1,1,0,20230414,20230430
4503857325712863,0,0,1,1,1,0,0,20230414,20230505
4503857325712864,1,1,0,1,1,0,1,20230416,20230505
4503857325712866,0,0,1,0,1,1,0,20230414,20230430
4503857325712870,1,1,1,1,1,0,1,20230416,20230430
4503857325712877,0,0,1,1,1,1,0,20230414,20230422
4503857325712878,1,1,1,1,1,1,0,20230414,20230505
4503857325712886,1,1,1,1,1,1,0,20230415,20230505
4503857325712891,1,1,1,1,0,1,0,20230415,20230505
4503857325712892,1,1,0,1,1,1,0,20230414,20230505
4503857325712895,1,1,1,0,0,0,0,20230419,20230505
4503857325712898,0,0,1,0,1,0,1,20230414,20230430
4503857325712905,0,0,1,0,1,1,0,20230415,20230430
4503857325712906,0,0,1,0,1,1,1,20230415,20230423
4503857325712908,0,0,0,0,0,0,1,20230416,20230430
4503857325712910,0,0,0,0,0,0,1,20230416,20230430
4503857325712914,0,0,1,0,1,1,0,20230415,20230504
4503857325712918,0,0,1,1,1,0,0,20230419,20230505
4503857325712921,1,1,0,0,1,0,0,20230414,20230505
4503857325712923,1,1,0,0,0,0,1,20230416,20230423
4503857325712929,0,0,0,0,1,0,1,20230414,20230423
4503857325712934,0,0,0,0,1,0,1,20230414,20230429
4503857325712941,1,1,0,0,0,1,1,20230415,20230429
4503857325712944,1,1,0,0,1,1,0,20230414,20230422
4503857325712945,1,1,0,0,1,0,0,20230414,20230504
4503857325712946,1,1,0,0,1,0,0,20230417,20230421
4503857325712948,1,1,1,0,1,0,1,20230416,20230504
4503857325712981,1,0,0,0,0,0,0,20230417,20230429
4503857325712982,0,0,0,0,0,0,1,20230416,20230504
4503857325712996,0,0,0,0,1,0,1,20230414,20230430
4503857325713003,1,1,0,0,1,0,1,20230414,20230430
4503857325713004,1,0,1,1,1,0,0,20230414,20230504
4503857325713006,1,0,1,1,1,0,1,20230414,20230430
4503857325713011,0,1,0,0,1,0,0,20230414,20230505
4503857325713015,1,0,1,0,0,1,0,20230415,20230504
4503857325713021,1,1,1,1,0,1,0,20230415,20230504
4503857325713027,1,1,0,1,0,0,1,20230416,20230429
4503857325713033,1,1,1,0,1,0,1,20230414,20230504
4503857325713035,1,1,0,1,0,1,0,20230415,20230504
4503857325713041,1,0,0,1,0,1,1,20230415,20230429
4503857325713054,0,1,0,1,0,0,1,20230416,20230429
4503857325713055,0,1,1,1,0,0,1,20230416,20230423
4503857325713069,1,0,0,0,1,1,0,20230414,20230504
4503857325713090,0,1,0,1,1,0,0,20230418,20230421
4503857325713105,1,1,1,0,1,1,1,20230414,20230430
4503857325713126,1,1,0,0,0,0,1,20230416,20230505
4503857325713141,1,0,0,1,0,0,1,20230416,20230505
4503857325713155,0,0,0,0,0,0,1,20230416,20230505
4503857325713160,0,1,0,1,0,0,1,20230416,20230430
4503857325713164,0,1,0,0,0,1,1,20230415,20230430
4503857325713175,1,0,0,0,1,0,1,20230414,20230430
4503857325713186,1,0,0,0,0,0,0,20230417,20230504
4503857325713187,1,0,0,0,0,1,0,20230415,20230505
4503857325713194,0,1,1,0,1,0,0,20230414,20230429
4503857325713195,0,1,0,0,1,0,0,20230414,20230504
4503857325713196,0,1,0,0,1,0,0,20230414,20230505
4503857325713202,0,0,1,1,0,1,0,20230415,20230429
4503857325713209,1,1,0,1,0,1,0,20230415,20230430
4503857325713211,1,0,0,0,1,0,1,20230414,20230504
4503857325713212,0,1,1,1,0,1,1,20230415,20230504
4503857325713223,1,0,0,1,1,0,0,20230414,20230504
4503857325713232,1,0,1,1,1,0,1,20230414,20230423
4503857325713273,0,0,1,0,0,0,0,20230419,20230430
4503857325713300,0,1,1,0,1,0,0,20230414,20230505
4503857325713324,0,1,1,1,1,0,1,20230414,20230504
4503857325713327,0,1,0,0,1,1,1,20230414,20230429
4503857325713329,0,1,0,1,0,1,0,20230415,20230430
4503857325713331,1,1,1,0,0,1,1,20230415,20230504
4503857325713332,1,0,0,1,0,1,0,20230415,20230429
4503857325713350,1,1,0,1,1,0,1,20230416,20230504
4503857325713392,0,0,0,1,0,1,1,20230415,20230505
4503857325713395,1,1,1,1,0,0,0,20230420,20230505
4503857325713410,1,0,0,1,0,0,0,20230417,20230429
4503857325713416,1,1,1,0,0,0,0,20230418,20230504
4503857325713419,1,0,1,1,0,0,0,20230417,20230505
4503857325713463,1,1,0,0,1,1,0,20230415,20230505
4503857325713465,1,1,1,0,1,1,1,20230414,20230423
4503857325713473,0,0,0,0,1,1,1,20230414,20230505
4503857325713475,0,0,0,0,1,1,0,20230414,20230505
4503857325713502,0,0,0,1,0,1,0,20230415,20230505
4503857325713503,0,0,0,0,1,1,1,20230414,20230423
4503857325713514,1,1,1,1,0,1,0,20230415,20230505
4503857325713515,1,1,0,0,1,1,1,20230414,20230505
4503857325713528,1,1,1,1,1,1,0,20230414,20230504
4503857325713529,1,1,1,1,1,1,1,20230414,20230505
4503857325713532,0,0,0,0,1,0,0,20230421,20230505
4503857325713537,1,1,1,1,0,0,0,20230420,20230504
4503857325713555,1,1,1,0,1,1,0,20230414,20230429
4503857325713559,1,1,0,0,1,1,0,20230415,20230422
4503857325713560,1,1,1,0,1,1,1,20230414,20230423
4503857325713601,1,1,1,1,1,0,0,20230414,20230505
4503857325713602,0,0,1,0,1,1,0,20230414,20230504
4503857325713603,1,1,1,1,1,1,1,20230414,20230504
4503857325713607,1,1,0,1,1,1,1,20230415,20230505
4503857325713608,0,0,0,0,1,1,0,20230414,20230505
4503857325713613,1,1,0,1,1,1,1,20230414,20230429
4503857325713615,1,1,0,1,1,1,0,20230415,20230429
4503857325713618,0,0,0,1,1,0,1,20230414,20230430
4503857325713619,1,1,1,0,1,0,1,20230416,20230423
4503857325713620,1,1,1,1,1,0,0,20230417,20230429
4503857325713621,1,1,0,1,1,0,0,20230414,20230429
4503857325713625,1,1,0,0,1,1,1,20230414,20230423
4503857325713626,0,0,1,1,1,0,0,20230419,20230430
4503857325713628,1,1,0,0,1,1,0,20230414,20230429
4503857325713631,0,0,0,0,1,1,1,20230414,20230429
4503857325713635,1,1,1,0,0,1,1,20230415,20230430
4503857325713637,0,0,0,0,1,1,1,20230414,20230430
4503857325713642,0,1,1,1,0,0,1,20230416,20230504
4503857325713643,0,1,1,1,1,0,0,20230414,20230504
4503857325713647,1,1,1,1,0,0,1,20230416,20230504
4503857325713651,1,0,1,0,1,1,0,20230414,20230505
4503857325713653,0,0,0,0,0,0,1,20230416,20230504
4503857325713655,1,1,0,0,0,0,0,20230417,20230505
4503857325713664,0,1,0,1,1,0,1,20230414,20230430
4503857325713669,1,1,0,0,0,0,0,20230417,20230504
4503857325713676,0,0,0,1,0,1,1,20230415,20230504
4503857325713678,0,1,1,1,1,1,0,20230414,20230504
4503857325713681,0,0,0,1,0,1,1,20230415,20230430
4503857325713682,0,0,0,0,1,1,1,20230414,20230430
4503857325713685,0,1,1,0,0,0,0,20230418,20230505
4503857325713687,0,0,0,1,1,0,0,20230414,20230504
4503857325713688,1,0,0,0,0,0,1,20230416,20230505
4503857325713689,0,1,0,1,0,0,1,20230416,20230504
4503857325713697,0,1,0,0,0,1,0,20230415,20230422
4503857325713703,1,1,1,1,1,0,1,20230414,20230505
4503857325713706,0,0,0,1,0,1,1,20230415,20230504
4503857325713708,1,0,1,1,1,1,1,20230414,20230505
4503857325713709,0,1,0,1,1,1,0,20230414,20230504
4503857325713728,1,1,0,1,0,0,0,20230417,20230429
4503857325713744,0,0,0,0,0,1,1,20230415,20230505
4503857325713752,1,0,0,0,1,0,0,20230414,20230429
4503857325713755,0,1,0,1,1,1,0,20230414,20230422
4503857325713760,1,0,1,1,0,1,0,20230415,20230505
4503857325713765,1,0,1,1,0,0,0,20230417,20230504
4503857325713770,0,1,0,1,0,0,0,20230418,20230420
4503857325713775,1,0,0,1,0,0,1,20230416,20230423
4503857325713780,0,1,0,0,1,0,1,20230414,20230423
4503857325713783,1,0,1,1,1,1,0,20230414,20230429
4503857325713789,1,1,1,1,0,0,0,20230418,20230505
4503857325713801,0,1,1,1,0,0,0,20230418,20230429
4503857325713806,0,1,0,1,0,1,0,20230415,20230505
4503857325713807,1,0,1,1,1,0,0,20230414,20230505
4503857325713813,0,1,0,0,0,1,1,20230415,20230505
4503857325713818,1,1,1,0,0,1,0,20230415,20230505
4503857325713844,1,0,0,0,0,1,0,20230415,20230505
4503857325713859,1,1,1,0,1,0,0,20230414,20230505
4503857325713875,1,0,1,0,1,0,0,20230414,20230504
4503857325713887,0,0,0,0,1,0,1,20230414,20230505
4503857325713900,1,1,0,1,0,1,1,20230415,20230505
4503857325713902,1,1,0,0,1,0,0,20230417,20230505
4503857325713904,1,1,1,0,1,0,0,20230414,20230504
4503857325713905,0,0,1,0,1,0,1,20230414,20230505
4503857325713911,0,0,1,0,1,0,0,20230414,20230504
4503857325713935,0,0,1,1,1,1,0,20230414,20230430
4503857325713938,0,0,1,0,1,1,1,20230414,20230429
4503857325713939,1,1,1,1,1,0,0,20230417,20230421
4503857325713960,0,0,0,1,0,1,0,20230415,20230505
4503857325713966,0,0,0,0,1,1,0,20230415,20230504
4503857325713968,1,1,1,0,1,0,0,20230414,20230505
4503857325713975,0,0,0,0,1,0,0,20230414,20230430
4503857325714036,1,1,0,1,1,1,1,20230414,20230505
4503857325714037,1,1,1,0,1,1,0,20230414,20230430
4503857325714039,0,0,0,1,1,0,1,20230416,20230505
4503857325714040,1,1,0,1,1,1,0,20230414,20230430
4503857325714041,1,1,1,1,0,1,1,20230415,20230505
4503857325714102,0,0,1,0,0,0,1,20230416,20230504
4503857325714104,1,0,1,1,0,0,0,20230417,20230505
4503857325714105,1,0,0,1,0,0,1,20230416,20230430
4503857325714106,0,1,0,0,1,1,0,20230414,20230505
4503857325714108,0,0,1,1,0,1,0,20230415,20230505
4503857325714112,0,0,0,0,0,1,0,20230415,20230505
4503857325714140,1,0,1,1,0,0,1,20230416,20230430
4503857325714148,0,1,1,0,0,0,1,20230416,20230505
4503857325714151,1,0,0,0,0,0,0,20230417,20230504
4503857325714191,0,0,1,0,0,0,1,20230416,20230505
4503857325714210,1,0,1,1,0,0,0,20230417,20230429
4503857325714255,0,0,0,0,1,1,1,20230414,20230505
4503857325714257,0,1,0,0,0,0,1,20230416,20230505
4503857325714268,1,0,1,1,0,0,0,20230417,20230505
4503857325714272,1,1,0,0,1,0,0,20230414,20230505
4503857325714275,1,1,0,0,0,1,1,20230415,20230504
4503857325714284,1,1,0,0,1,0,0,20230414,20230504
4503857325714286,0,0,1,0,1,1,0,20230414,20230422
4503857325714288,0,0,0,0,1,1,0,20230414,20230505
4503857325714299,1,1,0,0,1,1,0,20230414,20230430
4503857325714318,0,0,1,0,1,0,0,20230414,20230430
4503857325714357,0,0,0,0,1,1,1,20230415,20230504
4503857325714403,1,1,0,0,0,0,1,20230416,20230505
4503857325714408,1,1,1,0,0,0,1,20230416,20230429
4503857325714410,1,1,0,0,0,0,1,20230416,20230504
4503857325714445,1,1,1,0,1,0,1,20230414,20230429
4503857325714451,0,1,0,1,0,1,1,20230415,20230430
4503857325714470,0,0,0,0,1,1,0,20230415,20230505
4503857325714523,0,0,0,1,1,0,0,20230414,20230505
4503857325714541,0,0,0,0,1,1,1,20230414,20230429
4503857325738627,0,0,0,0,0,1,0,20230415,20230505
4503857325738628,1,1,1,1,0,0,0,20230419,20230505
4503857325738635,1,1,0,0,1,0,0,20230414,20230505
4503857325740087,0,1,0,0,0,1,0,20230415,20230505
4503857325740163,1,1,1,1,0,0,0,20230420,20230504
4503857325740234,0,0,0,1,0,1,1,20230415,20230505
4503857325740361,0,0,0,1,1,0,0,20230414,20230504
4503857325740364,0,0,1,1,0,1,1,20230415,20230505
4503857325741161,1,1,1,0,0,0,0,20230419,20230505
4503857325741170,0,0,0,1,0,0,1,20230416,20230429
4503857325742354,0,0,1,0,0,1,0,20230415,20230429
4503857325742833,0,1,0,1,0,0,1,20230416,20230505
4503857325742835,0,1,1,1,0,1,1,20230415,20230423
4503857325743727,0,1,1,0,0,1,1,20230415,20230505
4503857325743732,0,1,0,0,0,0,1,20230416,20230505
4503857325743743,0,0,1,0,1,0,0,20230414,20230429
4503857325743745,0,1,1,1,1,0,0,20230414,20230430
4503857325743747,0,1,1,1,1,1,1,20230414,20230505
4503857325743752,0,1,1,1,0,1,1,20230415,20230504
4503857325743812,1,1,0,0,1,0,0,20230414,20230505
4503857325747243,1,1,1,1,0,0,0,20230419,20230504
4503857325747261,0,0,1,1,0,1,0,20230415,20230504
4503857325747273,0,0,0,1,1,0,0,20230414,20230430
4503857325747724,1,1,1,1,1,0,0,20230417,20230505
4503857325747726,0,0,1,1,1,0,1,20230414,20230505
4503857325747730,1,1,0,1,0,0,0,20230417,20230505
4503857325747732,0,0,0,1,0,0,1,20230416,20230504
4503857325747744,1,1,1,0,0,0,0,20230417,20230504
4503857325753142,0,1,0,0,1,1,1,20230414,20230430
4503857325753160,0,1,1,1,1,0,0,20230414,20230505
4503857325753262,0,1,0,0,0,1,0,20230415,20230505
4503857325753714,0,1,0,0,0,1,0,20230415,20230429
4503857325753733,1,0,0,1,0,0,0,20230417,20230505
4503857325753737,0,0,0,1,0,1,0,20230415,20230429
4503857325753745,0,1,1,0,0,1,0,20230415,20230504
4503857325753748,0,1,0,1,1,1,1,20230414,20230505
4503857325753768,0,0,1,1,1,1,0,20230414,20230429
4503857325762240,0,0,1,0,0,1,0,20230415,20230504
4503857325762266,1,0,0,0,1,0,0,20230414,20230505
4503857325762270,1,0,0,0,1,1,1,20230414,20230423
4503857325762279,1,0,1,0,1,0,0,20230417,20230421
4503857325762321,1,0,0,1,1,1,1,20230414,20230505
4503857325762606,0,0,0,1,0,1,0,20230415,20230504
4503857325762613,1,1,0,0,1,1,0,20230414,20230505
4503857325762759,0,1,1,0,1,0,1,20230414,20230430
4503857325762762,0,1,0,1,1,0,0,20230414,20230504
4503857325762780,0,1,0,0,1,1,1,20230414,20230423
4503857325762789,1,1,0,1,1,0,1,20230414,20230504
4503857325762790,0,1,0,0,0,0,0,20230418,20230505
4503857325762791,1,0,1,1,0,0,1,20230416,20230505
4503857325762797,0,1,0,0,1,1,0,20230414,20230430
4503857325762832,0,0,0,1,1,1,0,20230414,20230504
4503857325762840,0,0,0,1,1,1,0,20230414,20230504
4503857325762845,1,1,1,0,1,0,1,20230414,20230505
4503857325762846,1,1,1,0,0,0,0,20230417,20230505
4503857325762851,1,1,0,1,1,0,0,20230414,20230430
4503857325762855,1,1,1,1,1,0,0,20230419,20230504
4503857325762856,1,1,0,1,1,0,0,20230414,20230505
4503857325763678,1,1,0,1,1,1,1,20230414,20230505
4503857325763682,1,1,0,1,1,1,0,20230414,20230504
4503857325763684,1,1,0,0,1,1,0,20230414,20230505
4503857325764443,1,1,0,1,0,1,1,20230415,20230505
4503857325764445,1,1,1,1,0,1,1,20230415,20230504
4503857325764448,1,1,0,1,1,1,1,20230414,20230430
4503857325764449,1,1,1,1,0,1,0,20230415,20230430
4503857325764451,1,1,1,0,1,0,1,20230414,20230505
4503857325764464,1,1,0,0,1,0,0,20230414,20230504
4503857325764469,0,0,0,1,1,0,1,20230414,20230504
4503857325764471,0,0,0,1,1,0,1,20230414,20230430
4503857325764473,1,1,0,0,1,0,0,20230414,20230430
4503857325764669,0,0,0,1,1,0,0,20230414,20230505
4503857325764671,1,0,0,1,0,0,0,20230417,20230505
4503857325764672,0,0,0,1,1,1,1,20230414,20230504
4503857325764676,1,0,1,1,1,0,1,20230414,20230504
4503857325764693,1,0,1,0,1,0,1,20230414,20230423
4503857325764695,0,1,1,1,0,0,0,20230418,20230505
4503857325764699,0,1,1,0,1,0,1,20230414,20230429
4503857325764717,1,0,1,0,1,0,0,20230414,20230421
4503857325764724,0,1,1,0,1,1,0,20230414,20230505
4503857325764734,0,0,1,0,1,0,1,20230414,20230423
4503857325764777,0,1,0,1,0,1,0,20230415,20230505
4503857325764779,1,0,0,0,1,0,0,20230414,20230430
4503857325764780,1,0,0,1,1,0,0,20230414,20230430
4503857325764786,0,1,0,0,1,0,0,20230414,20230430
4503857325764790,1,0,1,0,1,1,0,20230414,20230504
4503857325765325,1,1,1,0,0,0,0,20230419,20230504
4503857325765329,1,1,0,1,0,0,0,20230417,20230505
4503857325765334,1,1,1,1,0,0,1,20230416,20230504
4503857325765344,0,0,1,1,0,1,0,20230415,20230505
4503857325765349,0,0,1,1,1,0,0,20230414,20230505
4503857325765357,0,0,0,1,1,1,0,20230414,20230430
4503857325765361,1,1,0,1,0,1,0,20230415,20230505
4503857325765363,0,0,0,1,1,1,0,20230414,20230429
4503857325765367,1,1,1,0,0,1,1,20230415,20230504
4503857325765369,0,0,0,0,1,0,0,20230414,20230505
4503857325765379,1,1,1,1,1,0,1,20230416,20230505
4503857325765405,1,1,0,0,0,0,0,20230417,20230504
4503857325765406,1,1,1,0,0,1,0,20230415,20230505
4503857325765408,1,0,0,1,0,0,0,20230417,20230505
4503857325765416,1,0,1,0,0,1,0,20230415,20230505
4503857325765419,1,0,1,0,0,0,0,20230417,20230429
4503857325765423,1,0,0,1,1,1,0,20230414,20230505
4503857325765428,1,1,0,0,1,1,0,20230414,20230504
4503857325765434,0,0,0,0,0,1,0,20230415,20230505
4503857325765440,1,1,0,0,1,1,0,20230414,20230505
4503857325765443,0,0,0,1,1,1,0,20230414,20230504
4503857325765445,1,1,0,1,1,0,0,20230417,20230430
4503857325765446,0,0,0,1,1,0,1,20230414,20230423
4503857325765453,0,0,1,1,0,0,1,20230416,20230429
4503857325765454,1,1,0,1,0,0,0,20230417,20230505
4503857325765457,1,1,1,0,1,0,0,20230417,20230421
4503857325765465,0,0,1,1,0,1,1,20230415,20230504
4503857325765466,1,1,0,0,1,1,0,20230414,20230504
4503857325765471,1,1,0,0,0,1,1,20230415,20230505
4503857325765472,0,0,1,1,1,0,0,20230414,20230505
4503857325765475,1,1,0,1,1,0,0,20230414,20230505
4503857325765476,1,1,0,0,0,0,1,20230416,20230429
4503857325765484,0,0,1,0,1,1,0,20230414,20230505
4503857325765486,0,0,0,0,1,1,0,20230414,20230505
4503857325765492,0,0,1,0,1,0,1,20230416,20230429
4503857325765493,0,0,0,1,1,1,0,20230414,20230422
4503857325765502,0,0,1,0,1,1,0,20230414,20230429
4503857325765530,0,0,0,1,1,1,1,20230414,20230505
4503857325765538,0,0,0,1,1,1,1,20230414,20230423
4503857325765548,1,1,0,0,1,0,1,20230414,20230505
4503857325765550,1,1,1,1,0,0,1,20230416,20230505
4503857325765551,0,1,0,0,1,1,0,20230415,20230430
4503857325765566,0,0,0,1,0,1,0,20230415,20230505
4503857325765568,0,1,0,0,1,1,0,20230415,20230422
4503857325765578,1,0,0,0,0,1,1,20230415,20230423
4503857325765579,1,0,1,1,0,1,1,20230415,20230505
4503857325765580,0,0,1,0,1,0,1,20230414,20230429
4503857325765582,0,1,1,1,1,0,0,20230414,20230421
4503857325765590,0,0,0,0,0,1,1,20230415,20230429
4503857325765591,1,0,1,1,0,0,0,20230417,20230504
4503857325765592,0,1,1,0,1,1,0,20230414,20230504
4503857325766137,1,1,1,1,1,0,0,20230419,20230505
4503857325766145,1,1,1,1,1,0,0,20230417,20230430
4503857325766150,0,0,0,1,1,1,0,20230414,20230505
4503857325766156,0,0,1,1,0,0,1,20230416,20230423
4503857325766168,1,1,0,0,0,1,0,20230415,20230504
4503857325766172,1,1,0,1,1,0,1,20230414,20230505
4503857325766173,1,1,1,1,1,0,0,20230414,20230504
4503857325766178,1,1,1,1,0,0,0,20230417,20230505
4503857325766183,0,0,0,0,1,0,0,20230414,20230505
4503857325766190,0,0,1,1,0,1,0,20230415,20230504
4503857325766192,0,0,0,1,0,1,1,20230415,20230430
4503857325766199,1,1,1,1,1,1,0,20230414,20230504
4503857325766202,1,1,1,1,0,0,0,20230417,20230504
4503857325766206,1,1,0,0,1,0,0,20230414,20230429
4503857325766207,0,0,1,0,1,1,1,20230414,20230423
4503857325766221,1,1,0,1,1,0,0,20230417,20230505
4503857325766226,1,1,0,1,1,1,1,20230414,20230505
4503857325766234,0,0,0,1,0,1,1,20230415,20230504
4503857325766237,0,0,1,1,0,1,1,20230415,20230423
4503857325766240,0,0,0,1,0,0,1,20230416,20230504
4503857325766248,0,0,0,0,0,0,1,20230416,20230505
4503857325766258,0,0,1,0,1,0,0,20230414,20230505
4503857325766268,0,0,1,1,1,1,0,20230415,20230505
4503857325766274,0,1,0,0,0,1,0,20230415,20230505
4503857325766276,0,1,1,0,1,1,0,20230414,20230504
4503857325766277,1,0,0,1,1,0,1,20230414,20230505
4503857325766280,1,0,1,1,1,0,0,20230414,20230505
4503857325766281,0,1,1,1,1,1,0,20230414,20230429
4503857325766289,0,1,0,0,1,1,0,20230414,20230422
4503857325766299,0,0,0,0,1,1,0,20230414,20230504
4503857325766315,1,1,1,1,1,1,1,20230414,20230504
4503857325766316,0,0,0,1,1,1,1,20230414,20230429
4503857325766320,0,0,1,0,0,1,0,20230415,20230430
4503857325766338,0,0,0,0,1,0,0,20230414,20230430
4503857325766343,0,0,0,1,0,0,1,20230416,20230505
4503857325766360,0,1,0,0,1,0,1,20230414,20230504
4503857325766363,1,0,1,0,0,0,0,20230417,20230505
4503857325766375,1,0,1,1,0,1,0,20230415,20230504
4503857325766376,1,1,0,0,0,1,1,20230415,20230430
4503857325766379,1,1,1,0,0,0,0,20230417,20230504
4503857325766381,1,0,1,0,0,0,0,20230417,20230504
4503857325766383,0,0,1,0,1,0,0,20230414,20230419
4503857325766386,0,1,1,0,0,1,0,20230415,20230504
4503857325766400,1,1,0,1,1,0,1,20230414,20230505
4503857325766405,1,1,1,0,1,0,0,20230414,20230505
4503857325766409,1,1,0,1,1,0,1,20230414,20230423
4503857325766440,0,0,0,1,1,0,1,20230416,20230505
4503857325766442,0,0,0,1,1,0,1,20230414,20230505
4503857325766484,0,0,0,0,1,1,1,20230415,20230429
4503857325766501,0,0,0,0,1,1,0,20230415,20230430
4503857325766520,0,0,0,0,1,0,1,20230414,20230505
4503857325766525,0,0,0,0,1,1,0,20230415,20230505
4503857325766533,1,1,0,0,1,1,0,20230414,20230505
4503857325766538,0,0,0,1,1,1,0,20230414,20230429
4503857325766541,0,0,0,0,1,1,1,20230414,20230505
4503857325766649,1,1,0,1,1,0,0,20230417,20230430
4503857325766651,0,0,1,1,1,0,1,20230414,20230423
4503857325766665,0,0,1,0,0,1,1,20230415,20230423
4503857325766669,1,1,1,0,0,1,0,20230415,20230429
4503857325766674,1,1,0,1,1,1,0,20230414,20230504
4503857325766676,0,0,0,0,0,1,0,20230415,20230505
4503857325766682,0,0,0,1,1,0,0,20230420,20230505
4503857325766688,0,0,1,1,1,0,0,20230414,20230505
4503857325766695,1,1,1,1,1,1,0,20230414,20230422
4503857325766705,1,1,1,1,0,0,1,20230416,20230505
4503857325766708,0,0,0,1,0,1,0,20230415,20230505
4503857325766712,1,1,0,1,0,1,0,20230415,20230429
4503857325766719,1,1,1,0,0,1,0,20230415,20230505
4503857325766729,0,0,0,0,0,1,0,20230415,20230429
4503857325766733,1,1,1,1,1,0,1,20230414,20230504
4503857325766734,1,1,1,0,1,1,0,20230414,20230429
4503857325766736,1,1,0,1,1,1,1,20230415,20230505
4503857325766739,0,0,1,0,1,0,1,20230414,20230423
4503857325766743,0,0,0,0,1,0,1,20230414,20230505
4503857325766745,1,1,0,0,1,0,0,20230417,20230505
4503857325766749,0,1,1,0,1,0,0,20230414,20230430
4503857325766750,1,0,0,1,0,0,0,20230417,20230430
4503857325766765,0,1,0,0,0,0,1,20230416,20230504
4503857325766776,1,1,1,1,1,0,0,20230421,20230505
4503857325766791,0,0,0,1,1,1,1,20230414,20230429
4503857325766793,1,1,0,0,1,0,0,20230414,20230505
4503857325766811,0,0,1,0,1,1,1,20230415,20230504
4503857325766817,1,1,1,0,1,0,0,20230419,20230504
4503857325766842,1,1,0,0,1,0,1,20230414,20230505
4503857325766844,1,1,1,1,1,1,0,20230414,20230505
4503857325766849,0,0,0,1,0,0,0,20230420,20230505
4503857325766853,0,0,0,1,1,0,1,20230414,20230505
4503857325766854,0,1,1,1,1,0,1,20230414,20230505
4503857325766855,0,1,0,0,1,0,1,20230414,20230505
4503857325766856,0,1,1,1,1,1,0,20230414,20230505
4503857325766863,0,0,1,0,0,1,1,20230415,20230505
4503857325766864,0,1,0,0,0,0,1,20230416,20230430
4503857325766876,1,1,1,1,1,1,0,20230415,20230504
4503857325766877,0,0,0,0,1,1,0,20230414,20230429
4503857325766879,1,1,0,0,1,1,0,20230415,20230505
4503857325766902,0,0,0,1,1,0,1,20230414,20230505
4503857325766911,0,1,0,1,1,1,0,20230415,20230422
4503857325766915,1,0,0,1,0,1,0,20230415,20230422
4503857325766934,0,0,0,1,0,0,0,20230420,20230505
4503857325766943,1,1,0,1,0,0,1,20230416,20230505
4503857325766945,0,0,1,0,1,0,0,20230419,20230430
4503857325767041,0,0,0,0,1,0,0,20230414,20230414
4503857325767544,0,0,0,0,1,1,0,20230414,20230415
4503857325775038,1,1,1,1,1,0,1,20230414,20230505
4503857325775042,1,1,0,1,1,1,0,20230414,20230505
4503857325775067,0,0,0,1,1,0,0,20230414,20230505
4503857325775087,0,0,1,0,1,0,0,20230414,20230505
4503857325775099,1,1,1,0,1,0,1,20230414,20230423
4503857325775101,1,1,1,1,0,1,1,20230415,20230505
4503857325775106,1,1,1,0,1,0,1,20230414,20230505
4503857325775408,1,0,0,1,1,0,1,20230414,20230505
4503857325775432,0,0,1,0,1,1,1,20230414,20230505
4503857325775834,1,1,0,1,0,1,1,20230415,20230504
4503857325775899,0,0,0,1,0,0,1,20230416,20230505
4503857325775917,1,1,0,1,0,0,0,20230417,20230430
4503857325775919,1,1,0,1,1,0,1,20230414,20230429
4503857325775959,0,0,0,0,0,1,0,20230415,20230415
4503857325790640,0,0,1,0,1,1,1,20230414,20230430
4503857325790650,0,1,0,0,0,1,0,20230415,20230505
4503857325790651,0,0,1,0,1,0,1,20230414,20230505
4503857325801009,1,0,0,0,1,0,0,20230414,20230505
4503857325803642,1,0,1,1,1,1,0,20230414,20230422
4503857325803644,0,0,1,1,1,1,1,20230414,20230504
4503857325803650,1,0,0,0,1,0,1,20230414,20230423
4503857325803655,0,1,0,0,0,0,1,20230416,20230505
4503857325803657,0,1,0,0,1,1,0,20230414,20230422
4503857325803659,0,1,1,0,1,1,0,20230415,20230504
4503857325803670,0,0,0,0,1,0,1,20230414,20230430
4503857325803684,0,0,0,0,0,1,1,20230415,20230505
4503857325803700,0,1,1,1,1,1,0,20230414,20230504
4503857325803707,0,1,0,0,1,0,0,20230414,20230418
4503857325805336,0,1,0,0,1,0,1,20230414,20230429
4503857325805383,0,1,1,1,1,0,0,20230414,20230505
4503857325805388,1,0,0,0,0,0,0,20230417,20230505
4503857325805390,0,0,0,0,1,0,0,20230414,20230505
4503857325805394,1,0,0,0,0,1,0,20230415,20230504
4503857325805436,1,0,0,0,1,0,1,20230414,20230505
4503857325805449,1,1,0,0,0,0,0,20230417,20230505
4503857325805452,0,1,0,1,0,1,0,20230415,20230422
4503857325805961,1,0,0,0,0,0,1,20230416,20230430
4503857325805982,1,0,0,0,1,0,0,20230414,20230505
4503857325806050,0,1,0,0,1,0,0,20230414,20230505
4503857325812039,0,1,1,0,1,1,0,20230414,20230505
4503857325812042,0,1,1,0,0,1,0,20230415,20230429
4503857325812050,0,0,0,0,1,1,1,20230415,20230504
4503857325812055,1,1,0,1,0,0,0,20230418,20230504
4503857325812075,0,1,0,1,1,0,1,20230414,20230505
4503857325812077,1,1,0,0,0,0,0,20230418,20230504
4503857325812099,0,1,0,0,1,0,1,20230414,20230505
4503857325812126,0,1,1,0,1,0,1,20230414,20230505
4503857325812156,0,0,0,0,1,1,1,20230415,20230423
4503857325812158,1,0,0,1,1,0,1,20230414,20230430
4503857325812184,0,0,1,0,0,1,0,20230415,20230505
4503857325813150,1,0,0,1,0,0,1,20230416,20230505
4503857325813153,1,0,0,0,1,0,0,20230417,20230421
4503857325813160,0,0,1,0,0,1,1,20230415,20230429
4503857325817121,0,1,0,0,1,0,1,20230414,20230430
4503857325817236,0,0,0,0,1,0,1,20230416,20230429
4503857325820515,0,1,1,1,1,0,1,20230414,20230423
4503857325820519,0,1,0,1,1,0,0,20230418,20230429
4503857325820535,1,1,1,1,1,0,0,20230420,20230504
4503857325820542,0,1,1,1,0,1,1,20230415,20230504
4503857325820543,0,1,1,1,0,0,0,20230418,20230430
4503857325820555,0,0,0,1,0,0,1,20230416,20230505
4503857325820568,0,0,0,0,0,0,1,20230416,20230504
4503857325820624,0,0,0,1,1,0,1,20230416,20230429
4503857325820650,0,1,0,1,1,0,1,20230416,20230504
4503857325820651,0,0,0,0,1,0,1,20230414,20230504
4503857325820654,0,1,0,1,1,0,1,20230416,20230504
4503857325820656,1,1,1,1,1,0,0,20230418,20230504
4503857325822321,1,0,0,1,1,0,0,20230414,20230420
4503857325822324,0,0,1,0,1,0,0,20230419,20230429
4503857325822739,1,0,0,1,0,1,0,20230415,20230504
4503857325822773,0,1,1,0,1,0,1,20230414,20230430
4503857325822787,0,1,0,0,1,1,0,20230414,20230504
4503857325822789,0,1,0,0,1,1,0,20230414,20230429
4503857325822834,0,1,0,0,1,0,0,20230418,20230429
4503857325822836,0,1,0,0,1,1,0,20230415,20230429
4503857325822871,1,0,1,1,0,1,0,20230415,20230429
4503857325822896,0,0,1,0,1,1,0,20230414,20230430
4503857325825670,0,0,0,1,0,0,1,20230416,20230430
4503857325825676,0,0,0,0,0,1,1,20230415,20230504
4503857325825679,0,1,1,0,0,1,1,20230415,20230430
4503857325825681,1,0,0,1,0,0,1,20230416,20230430
4503857325825726,1,0,1,0,0,1,1,20230415,20230430
4503857325825728,0,0,1,0,1,1,1,20230414,20230504
4503857325825744,1,0,1,0,0,0,0,20230417,20230504
4503857325825748,1,0,1,0,0,1,0,20230415,20230505
4503857325825769,0,0,0,0,0,0,1,20230416,20230505
4503857325825780,0,0,0,0,0,1,0,20230415,20230504
4503857325825783,0,0,0,0,1,0,1,20230414,20230504
4503857325825791,0,0,0,0,1,1,1,20230414,20230423
4503857325825793,0,0,1,0,0,0,1,20230416,20230429
4503857325825820,0,0,0,0,0,1,0,20230415,20230504
4503857325825830,0,0,0,0,1,0,1,20230414,20230504
4503857325825834,0,0,0,0,1,1,0,20230414,20230505
4503857325825836,0,0,0,0,0,1,1,20230415,20230505
4503857325825845,0,1,0,1,1,0,0,20230414,20230429
4503857325825857,1,0,1,1,1,0,0,20230414,20230505
4503857325825858,1,1,1,0,1,1,0,20230414,20230422
4503857325825878,1,1,1,0,0,0,0,20230419,20230504
4503857325825879,1,0,1,0,1,1,0,20230414,20230505
4503857325825886,0,0,0,0,1,1,0,20230414,20230504
4503857325825893,0,0,1,0,0,0,1,20230416,20230430
4503857325825896,0,0,1,0,0,0,1,20230416,20230505
4503857325825909,0,0,1,0,1,1,1,20230414,20230504
4503857325825916,0,0,0,0,1,1,0,20230415,20230505
4503857325825925,0,1,1,0,0,1,0,20230415,20230430
4503857325825958,0,0,0,0,0,1,1,20230415,20230504
4503857325825965,0,0,0,0,0,0,1,20230416,20230505
4503857325825969,1,0,0,0,0,0,1,20230416,20230504
4503857325825975,1,0,0,0,1,0,1,20230414,20230504
4503857325825990,0,0,1,0,1,0,0,20230414,20230504
4503857325826014,1,0,0,0,0,1,0,20230415,20230505
4503857325826022,1,0,0,0,0,1,0,20230415,20230504
4503857325826031,0,0,1,0,0,0,1,20230416,20230504
4503857325826037,0,0,0,0,0,0,1,20230416,20230504
4503857325826045,1,0,0,0,1,0,1,20230414,20230504
4503857325826054,1,0,0,0,0,1,0,20230415,20230504
4503857325832368,0,1,0,0,0,0,0,20230418,20230505
4503857325832370,1,0,0,0,0,0,1,20230416,20230505
4503857325832494,0,0,0,0,1,0,1,20230414,20230505
4503857325832497,0,1,0,0,1,0,0,20230414,20230505
4503857325832507,1,0,0,0,1,0,0,20230414,20230505
4503857325832572,0,0,0,0,0,1,1,20230415,20230430
4503857325832605,0,1,0,0,0,0,1,20230416,20230429
4503857325832638,0,1,0,0,0,0,0,20230418,20230430
4503857325832643,1,0,0,0,0,1,0,20230415,20230429
4503857325832652,0,0,0,0,1,0,1,20230414,20230430
4503857325832667,0,1,0,0,1,1,1,20230414,20230429
4503857325834397,0,0,1,0,1,0,0,20230414,20230430
4503857325834428,0,0,1,0,0,0,0,20230419,20230430
4503857325834620,0,1,0,0,1,0,0,20230414,20230429
4503857325842448,1,0,0,0,1,0,0,20230414,20230429
4503857325842460,1,0,0,0,1,0,0,20230414,20230417
4503857325842463,1,0,0,0,1,0,0,20230414,20230430
4503857325859455,1,1,1,1,1,1,1,20230424,20230505
4503857325859460,1,1,1,1,0,0,1,20230424,20230504
4503857325859461,0,0,0,0,1,0,0,20230414,20230504
4503857325859465,1,1,1,1,1,0,1,20230424,20230505
4503857325859466,0,0,0,0,1,0,0,20230414,20230505
4503857325859468,0,0,0,0,1,0,0,20230414,20230504
4503857325859469,0,0,0,0,1,0,0,20230414,20230430
4503857325859470,0,0,0,0,0,1,1,20230429,20230430
4503857325859475,0,0,0,0,1,1,1,20230428,20230505
4503857325859478,0,0,0,0,0,0,1,20230430,20230430
4503857325859483,0,0,0,0,1,0,1,20230428,20230505
4503857325868570,1,1,1,1,0,1,0,20230424,20230504
4503857325868571,1,1,1,1,0,0,0,20230424,20230504
4503857325868577,0,0,0,0,1,0,0,20230414,20230505
4503857325868579,0,0,0,0,1,0,0,20230414,20230504
4503857325868621,0,0,0,0,1,0,0,20230414,20230504
4503857325868627,1,1,1,1,1,1,0,20230424,20230505
4503857325874503,0,1,0,0,1,0,0,20230414,20230505
4503857325875732,1,1,1,1,1,0,0,20230424,20230505
4503857325880077,1,1,0,1,1,0,0,20230424,20230505
4503857325882345,0,0,1,0,0,0,0,20230426,20230503
4503857325882372,1,1,1,1,1,0,0,20230424,20230428
4503857325884431,0,0,0,0,1,0,0,20230414,20230505
4503857325884432,0,0,0,0,1,0,0,20230428,20230505
4503857325884435,0,0,0,0,1,1,0,20230428,20230505
4503857325884440,0,0,0,0,1,0,0,20230414,20230505
4503857325884621,0,0,0,0,1,0,0,20230428,20230428
4503857325884633,0,0,0,0,0,1,0,20230429,20230429
4503857325884643,0,0,0,0,1,0,0,20230414,20230429
4503857325887654,0,0,0,0,0,1,0,20230422,20230429
4503857325887666,1,1,1,1,1,1,0,20230417,20230505
4503857325888176,0,1,1,1,1,0,0,20230502,20230505
4503857325888447,0,0,0,0,1,0,0,20230505,20230505
4503857325888564,1,1,1,1,1,1,0,20230422,20230505
